1 2
1 6
1 14
2 1
2 3
2 4
2 5
2 6
2 7
2 8
2 10
2 11
2 13
2 15
3 1
3 4
3 7
3 8
3 11
3 12
3 13
4 1
4 6
4 7
4 9
4 10
4 11
4 15
5 1
5 2
5 4
5 9
5 10
5 11
5 13
5 15
6 2
6 5
6 7
6 9
6 10
6 11
6 12
6 13
6 14
6 15
7 2
7 8
7 10
7 11
7 12
8 2
8 4
8 9
8 10
8 12
8 13
8 14
8 15
9 3
9 5
9 6
9 8
9 11
9 13
10 2
10 3
10 7
10 12
10 14
10 15
11 1
11 2
11 4
11 7
11 8
11 10
11 12
11 14
11 15
12 1
12 2
12 3
12 4
12 5
12 6
12 7
12 8
12 10
12 15
13 1
13 2
13 6
13 7
13 8
13 9
13 15
14 1
14 5
14 6
14 9
14 10
14 15
15 2
15 3
15 5
15 10
15 11
15 14
